0 0 0 0 0 0 0 0 0 177 0 0 0 0 0 0 0 0 131 0 0 0 0 0 0 0 0 0 0 0 182 56 0 0 0 273 0 0 0 0 
0 0 262 0 0 0 0 0 0 0 0 0 0 143 0 162 122 0 0 0 0 0 0 0 0 0 0 0 0 0 0 0 0 0 0 0 185 102 0 0 
0 262 0 0 0 0 0 0 0 47 0 0 81 0 0 0 0 0 0 0 0 0 349 0 0 0 108 0 0 0 0 0 0 0 0 0 0 0 0 0 
0 0 0 0 0 0 0 0 0 32 0 0 0 0 0 0 0 0 0 0 0 0 0 0 0 0 0 0 0 0 0 0 0 0 0 221 0 0 76 257 
0 0 0 0 0 0 0 0 0 0 0 0 0 0 0 0 0 0 0 191 0 0 0 351 0 0 0 0 282 0 0 0 0 0 0 19 0 0 0 0 
0 0 0 0 0 0 0 0 0 0 0 0 0 0 0 0 0 0 0 0 0 0 0 66 0 27 0 0 0 0 0 0 0 0 33 0 54 0 0 0 
0 0 0 0 0 0 0 0 0 0 42 0 134 0 0 0 0 0 0 0 0 0 0 0 0 0 0 0 120 0 0 0 0 0 0 0 0 0 0 0 
0 0 0 0 0 0 0 0 0 35 0 0 0 0 0 0 0 0 0 0 0 0 0 79 0 0 0 0 0 0 0 0 0 0 0 0 0 0 0 0 
0 0 0 0 0 0 0 0 0 0 0 172 0 0 236 36 0 0 0 0 0 0 0 0 53 0 0 0 0 0 0 0 0 0 0 0 0 0 0 0 
177 0 47 32 0 0 0 35 0 0 50 0 0 36 0 0 0 0 0 0 0 103 0 0 0 0 0 0 0 25 0 0 0 0 0 0 0 0 0 0 
0 0 0 0 0 0 42 0 0 50 0 0 0 0 0 256 0 0 154 53 0 0 0 0 0 0 0 0 0 0 0 0 0 7 0 0 0 0 0 0 
0 0 0 0 0 0 0 0 172 0 0 0 0 0 0 0 0 41 0 0 0 104 0 0 0 0 0 0 0 0 0 0 250 0 0 0 0 0 0 0 
0 0 81 0 0 0 134 0 0 0 0 0 0 0 0 0 0 0 248 0 0 0 0 0 0 0 0 0 0 68 0 0 0 0 0 0 0 0 203 0 
0 143 0 0 0 0 0 0 0 36 0 0 0 0 132 0 0 0 0 0 0 0 0 0 0 128 0 0 0 0 0 0 0 0 0 0 0 0 0 17 
0 0 0 0 0 0 0 0 236 0 0 0 0 132 0 0 0 0 0 0 0 0 0 142 0 0 89 0 0 0 112 0 0 0 0 0 0 0 0 0 
0 162 0 0 0 0 0 0 36 0 256 0 0 0 0 0 0 0 0 0 0 0 0 0 0 0 0 0 0 0 0 68 193 0 0 0 0 0 0 0 
0 122 0 0 0 0 0 0 0 0 0 0 0 0 0 0 0 0 73 0 0 0 0 0 0 0 0 0 0 0 0 196 0 0 0 0 0 0 227 148 
0 0 0 0 0 0 0 0 0 0 0 41 0 0 0 0 0 0 0 0 136 0 0 0 0 0 0 0 0 0 0 0 0 0 0 0 0 0 0 0 
131 0 0 0 0 0 0 0 0 0 154 0 248 0 0 0 73 0 0 0 0 0 0 0 0 0 0 0 0 0 0 0 0 0 0 0 0 0 0 0 
0 0 0 0 191 0 0 0 0 0 53 0 0 0 0 0 0 0 0 0 0 0 0 0 304 0 0 0 0 0 0 182 351 0 0 0 0 0 217 0 
0 0 0 0 0 0 0 0 0 0 0 0 0 0 0 0 0 136 0 0 0 0 0 0 0 0 267 0 27 0 80 0 0 0 0 0 0 0 117 0 
0 0 0 0 0 0 0 0 0 103 0 104 0 0 0 0 0 0 0 0 0 0 0 0 0 0 0 0 0 0 0 0 0 0 0 0 1 0 0 0 
0 0 349 0 0 0 0 0 0 0 0 0 0 0 0 0 0 0 0 0 0 0 0 0 0 0 0 0 83 0 0 0 0 0 0 0 224 0 0 0 
0 0 0 0 351 66 0 79 0 0 0 0 0 0 142 0 0 0 0 0 0 0 0 0 164 0 0 0 0 0 0 0 0 0 0 0 0 0 109 0 
0 0 0 0 0 0 0 0 53 0 0 0 0 0 0 0 0 0 0 304 0 0 0 164 0 0 0 0 0 0 0 0 0 0 150 0 0 292 0 0 
0 0 0 0 0 27 0 0 0 0 0 0 0 128 0 0 0 0 0 0 0 0 0 0 0 0 0 0 0 0 0 0 0 0 0 0 0 0 0 0 
0 0 108 0 0 0 0 0 0 0 0 0 0 0 89 0 0 0 0 0 267 0 0 0 0 0 0 0 0 0 0 0 102 0 0 0 0 0 0 0 
0 0 0 0 0 0 0 0 0 0 0 0 0 0 0 0 0 0 0 0 0 0 0 0 0 0 0 0 0 0 0 0 0 0 6 0 0 0 0 0 
0 0 0 0 282 0 120 0 0 0 0 0 0 0 0 0 0 0 0 0 27 0 83 0 0 0 0 0 0 0 0 0 0 0 9 0 0 48 0 0 
0 0 0 0 0 0 0 0 0 25 0 0 68 0 0 0 0 0 0 0 0 0 0 0 0 0 0 0 0 0 0 0 0 0 0 186 0 36 0 0 
182 0 0 0 0 0 0 0 0 0 0 0 0 0 112 0 0 0 0 0 80 0 0 0 0 0 0 0 0 0 0 0 0 0 0 0 0 134 0 147 
56 0 0 0 0 0 0 0 0 0 0 0 0 0 0 68 196 0 0 182 0 0 0 0 0 0 0 0 0 0 0 0 0 178 0 0 0 0 0 0 
0 0 0 0 0 0 0 0 0 0 0 250 0 0 0 193 0 0 0 351 0 0 0 0 0 0 102 0 0 0 0 0 0 0 0 0 0 0 0 0 
0 0 0 0 0 0 0 0 0 0 7 0 0 0 0 0 0 0 0 0 0 0 0 0 0 0 0 0 0 0 0 178 0 0 245 0 0 0 0 0 
0 0 0 0 0 33 0 0 0 0 0 0 0 0 0 0 0 0 0 0 0 0 0 0 150 0 0 6 9 0 0 0 0 245 0 0 0 0 0 112 
273 0 0 221 19 0 0 0 0 0 0 0 0 0 0 0 0 0 0 0 0 0 0 0 0 0 0 0 0 186 0 0 0 0 0 0 91 0 0 0 
0 185 0 0 0 54 0 0 0 0 0 0 0 0 0 0 0 0 0 0 0 1 224 0 0 0 0 0 0 0 0 0 0 0 0 91 0 0 0 0 
0 102 0 0 0 0 0 0 0 0 0 0 0 0 0 0 0 0 0 0 0 0 0 0 292 0 0 0 48 36 134 0 0 0 0 0 0 0 0 0 
0 0 0 76 0 0 0 0 0 0 0 0 203 0 0 0 227 0 0 217 117 0 0 109 0 0 0 0 0 0 0 0 0 0 0 0 0 0 0 0 
0 0 0 257 0 0 0 0 0 0 0 0 0 17 0 0 148 0 0 0 0 0 0 0 0 0 0 0 0 0 147 0 0 0 112 0 0 0 0 0 
